OPTIMIZATION RESULTS
cos_like: 0.474190270959
sin_like: -0.880422391201
Tx: 0.261882425165
Ty: 0.032139315207
Tz: 3.365180196539
Cx: -0.004884525576
Cy: 1.392769295318
angle_degrees: -61.693358
best_objective_kjmol: -146.943740
engine_used: xtb
xtb_method: GFN2-xTB
